Some((
    red: 1.0,
    green: 0.43529415,
    blue: 0.41960788,
))